[gd_scene load_steps=3 format=3 uid="uid://bihcxq7r6iqu"]

[ext_resource type="PackedScene" uid="uid://c81ry3343bcav" path="res://content/spacex-starship/source/SpaceX_Starship.fbx" id="1_h2aia"]

[sub_resource type="CapsuleShape3D" id="CapsuleShape3D_nesje"]
radius = 5.0
height = 44.0

[node name="SpaceX_Starship" type="RigidBody3D"]
transform = Transform3D(0.0713407, -0.00593373, 0.997434, -0.0669883, -0.997753, -0.00114435, 0.9952, -0.0667348, -0.0715779, 0, 0, 0)

[node name="SpaceX_Starship" parent="." instance=ExtResource("1_h2aia")]
transform = Transform3D(0.0471389, 0.0779689, 0.995842, 0.998301, 0.0305218, -0.0496451, -0.0342655, 0.99649, -0.0763977, -1.86583, -0.552741, -25.4045)

[node name="CollisionShape3D" type="CollisionShape3D" parent="."]
transform = Transform3D(0.0471389, 0.0779689, 0.995842, 0.998301, 0.0305218, -0.0496451, -0.0342655, 0.99649, -0.0763977, -0.201675, 0.553597, -3.13589)
shape = SubResource("CapsuleShape3D_nesje")
